1 0.07578125 0.44921875 0.0171875 0.01953125
1 0.44453125 0.43359375 0.01953125 0.0171875
1 0.509375 0.49609375 0.02421875 0.021875
1 0.8078125 0.5109375 0.02890625 0.0359375
1 0.93125 0.5171875 0.0359375 0.03359375
1 0.6734375 0.44453125 0.0140625 0.0140625
1 0.6609375 0.4375 0.0140625 0.0140625
1 0.25 0.4015625 0.009375 0.0140625
1 0.2359375 0.41015625 0.009375 0.01171875
1 0.07578125 0.12265625 0.0171875 0.01953125
1 0.07578125 0.959375 0.0171875 0.01953125
1 0.44453125 0.140625 0.01953125 0.0171875
1 0.44453125 0.97734375 0.01953125 0.0171875
1 0.509375 0.078125 0.02421875 0.021875
1 0.509375 0.91484375 0.02421875 0.021875
1 0.8078125 0.0640625 0.02890625 0.0359375
1 0.8078125 0.9 0.02890625 0.0359375
1 0.93125 0.05546875 0.0359375 0.03359375
1 0.93125 0.8921875 0.0359375 0.03359375
1 0.6734375 0.12734375 0.0140625 0.0140625
1 0.6734375 0.9640625 0.0140625 0.0140625
1 0.6609375 0.134375 0.0140625 0.0140625
1 0.6609375 0.97109375 0.0140625 0.0140625
1 0.25 0.1703125 0.009375 0.0140625
1 0.2359375 0.16484375 0.009375 0.01171875
1 0.23671875 0.99375 0.01171875 0.00234375