1 0.1046875 0.46484375 0.06953125 0.08203125
1 0.1671875 0.41796875 0.05078125 0.06953125
1 0.228125 0.4515625 0.0578125 0.0796875
1 0.4046875 0.45625 0.06484375 0.0890625
1 0.2078125 0.375 0.05546875 0.06015625
1 0.24375 0.3375 0.05546875 0.0578125
1 0.30546875 0.3359375 0.0484375 0.06015625
1 0.46640625 0.30390625 0.0484375 0.0578125
1 0.4953125 0.36640625 0.0484375 0.07734375
1 0.5171875 0.43984375 0.0578125 0.0796875
1 0.56953125 0.47578125 0.0671875 0.0890625
1 0.5671875 0.32421875 0.053125 0.06953125
1 0.73828125 0.453125 0.0578125 0.07265625
1 0.69453125 0.4 0.053125 0.0625
1 0.8890625 0.478125 0.08203125 0.0984375
1 0.24296875 0.0109375 0.0578125 0.021875
1 0.30546875 0.01171875 0.0515625 0.0234375
1 0.46640625 0.02734375 0.0515625 0.0546875
1 0.56875 0.0203125 0.05546875 0.040625