1 0.265625 0.31484375 0.06484375 0.0890625
1 0.2125 0.31328125 0.05546875 0.07265625
1 0.50859375 0.3328125 0.06953125 0.08671875
1 0.7125 0.3109375 0.0796875 0.1015625
1 0.4125 0.31796875 0.06953125 0.09140625
1 0.365625 0.32734375 0.0484375 0.08203125
1 0.2640625 0.03046875 0.0671875 0.06015625
1 0.21171875 0.0265625 0.0578125 0.053125
1 0.50703125 0.0203125 0.071875 0.040625
1 0.71171875 0.03515625 0.08203125 0.06953125
1 0.4109375 0.02890625 0.071875 0.0578125
1 0.36640625 0.021875 0.05078125 0.04375