1 0.78828125 0.284375 0.0578125 0.0578125
1 0.11640625 0.48046875 0.040625 0.05546875
1 0.4546875 0.54609375 0.0484375 0.05078125
1 0.46875 0.51953125 0.0484375 0.04609375
1 0.84140625 0.31796875 0.02890625 0.03828125
1 0.73671875 0.42890625 0.0453125 0.03828125
1 0.55078125 0.33828125 0.0140625 0.0171875
1 0.48828125 0.3421875 0.01953125 0.01953125
1 0.5109375 0.33515625 0.0171875 0.01953125
1 0.52890625 0.340625 0.0140625 0.0171875
1 0.78828125 0.04375 0.0578125 0.0578125
1 0.8421875 0.015625 0.03125 0.03125
1 0.509375 0.00234375 0.01953125 0.0046875