1 0.5140625 0.40390625 0.053125 0.053125
1 0.71015625 0.46875 0.06015625 0.0625
1 0.90859375 0.39921875 0.071875 0.0671875
1 0.3703125 0.48203125 0.053125 0.06015625
1 0.665625 0.40390625 0.053125 0.0578125
1 0.5484375 0.4546875 0.0671875 0.0625
1 0.26953125 0.45546875 0.04296875 0.05078125
1 0.25703125 0.3765625 0.04296875 0.0453125
1 0.02890625 0.44453125 0.04296875 0.03359375
1 0.0453125 0.41484375 0.03359375 0.03125
1 0.10078125 0.4375 0.04296875 0.04296875
1 0.13125 0.39453125 0.040625 0.03359375
0 0.8328125 0.45078125 0.0796875 0.0796875
1 0.2046875 0.446875 0.03359375 0.04296875
1 0.19375 0.39296875 0.040625 0.0359375
1 0.515625 0.02421875 0.05546875 0.0484375
1 0.909375 0.0296875 0.075 0.059375
1 0.66640625 0.025 0.0546875 0.05
1 0.25703125 0.04921875 0.04296875 0.0453125
1 0.046875 0.01328125 0.0359375 0.0265625
1 0.10234375 0.0046875 0.0453125 0.009375
1 0.13125 0.02890625 0.040625 0.03359375
0 0.83203125 0.00703125 0.08203125 0.0140625
1 0.19375 0.0328125 0.040625 0.0359375