1 0.44140625 0.44921875 0.06015625 0.0796875
1 0.928125 0.53359375 0.0671875 0.06484375
1 0.140625 0.45078125 0.0453125 0.0484375
1 0.553125 0.45546875 0.0578125 0.053125
1 0.75234375 0.4671875 0.02890625 0.03359375
1 0.72734375 0.425 0.021875 0.021875
1 0.31640625 0.42890625 0.05078125 0.0484375
1 0.26171875 0.4734375 0.04296875 0.05546875
1 0.4078125 0.45390625 0.0265625 0.040625
1 0.60703125 0.440625 0.03125 0.03359375
1 0.38359375 0.41953125 0.021875 0.02890625
1 0.50625 0.42421875 0.021875 0.01953125
0 0.0765625 0.45390625 0.0484375 0.06484375
0 0.6203125 0.4625 0.04296875 0.053125
0 0.49296875 0.4484375 0.02890625 0.03359375
0 0.79296875 0.4265625 0.0140625 0.01953125
1 0.6625 0.409375 0.0171875 0.02421875
1 0.63125 0.378125 0.021875 0.02421875