1 0.509375 0.24140625 0.08203125 0.103125
1 0.17578125 0.57109375 0.134375 0.1421875
1 0.64453125 0.59609375 0.1296875 0.14453125
1 0.87109375 0.2703125 0.084375 0.09375
1 0.85234375 0.515625 0.11796875 0.12265625
1 0.9546875 0.24765625 0.071875 0.09140625
1 0.45078125 0.29296875 0.0796875 0.10078125
1 0.0328125 0.29921875 0.06484375 0.1421875
1 0.81875 0.33046875 0.0984375 0.12734375
1 0.3296875 0.23203125 0.09140625 0.11328125
1 0.109375 0.4046875 0.1078125 0.13203125
1 0.70703125 0.27890625 0.09140625 0.08203125
1 0.18125 0.28828125 0.103125 0.1390625
1 0.82421875 0.2234375 0.10078125 0.09609375
1 0.73671875 0.5984375 0.103125 0.115625
1 0.31875 0.38671875 0.11796875 0.1390625
1 0.4984375 0.353125 0.09375 0.125
1 0.71640625 0.3609375 0.10546875 0.14921875
1 0.55625 0.39921875 0.0984375 0.09609375
1 0.8140625 0.484375 0.11796875 0.13203125
0 0.53828125 0.7234375 0.125 0.1390625
0 0.1625 0.734375 0.11796875 0.12734375
0 0.9546875 0.540625 0.0765625 0.15390625
0 0.0453125 0.64296875 0.08671875 0.12734375
1 0.509375 0.10703125 0.08203125 0.103125
1 0.87109375 0.078125 0.084375 0.09375
1 0.9546875 0.0984375 0.071875 0.09140625
1 0.45078125 0.053125 0.0796875 0.10078125
1 0.0328125 0.06015625 0.06484375 0.1203125
1 0.81640625 0.040625 0.1015625 0.08125
1 0.3296875 0.11640625 0.09140625 0.11328125
1 0.70703125 0.0671875 0.09140625 0.08203125
1 0.18046875 0.06484375 0.10546875 0.1296875
1 0.82421875 0.12265625 0.10078125 0.09609375
1 0.3171875 0.015625 0.1203125 0.03125
1 0.49765625 0.02890625 0.09609375 0.0578125
1 0.7171875 0.03125 0.1078125 0.0625
0 0.53828125 0.91328125 0.125 0.1390625
0 0.1625 0.9046875 0.11796875 0.12734375
0 0.046875 0.9625 0.0890625 0.06484375