0 0.730168 0.374304 0.236077 0.318994
0 0.29359 0.525303 0.220347 0.42317
0 0.726952 0.28228 0.220643 0.138207
0 0.655653 0.396891 0.390286 0.372923
0 0.178389 0.214319 0.356779 0.428638
0 0.655556 0.318038 0.274856 0.221933
0 0.695387 0.282882 0.15945 0.14236
0 0.716977 0.232144 0.202562 0.240099
0 0.799932 0.211937 0.375002 0.423874
0 0.646712 0.679464 0.402987 0.629629
0 0.691126 0.216802 0.188593 0.267813
0 0.709691 0.747448 0.275715 0.49357
0 0.944137 0.430735 0.111725 0.642857
0 0.171916 0.0701734 0.343832 0.140347
0 0.872245 0.138897 0.255509 0.27622
0 0.945459 0.295257 0.109083 0.391141
0 0.0890137 0.219306 0.178027 0.438612
0 0.62567 0.604043 0.376489 0.427992
0 0.647069 0.475145 0.402475 0.49921
0 0.525941 0.602624 0.204503 0.285324
0 0.254056 0.635944 0.292072 0.644238
0 0.355358 0.525494 0.3499 0.427851
0 0.454858 0.438703 0.475175 0.413216
0 0.80462 0.327611 0.39076 0.409786
0 0.235979 0.233153 0.453896 0.466306
0 0.0755663 0.721407 0.150687 0.449637
0 0.982609 0.292241 0.0344536 0.388106
0 0.72548 0.447912 0.251159 0.445144
0 0.603447 0.469438 0.359423 0.373345
0 0.33367 0.221958 0.545428 0.443916
0 0.449288 0.942591 0.326862 0.114818
0 0.648018 0.27918 0.246646 0.182207
0 0.713262 0.895657 0.269236 0.208685
0 0.581758 0.41176 0.327347 0.380106
0 0.127855 0.185903 0.255711 0.371806
0 0.587717 0.184817 0.250869 0.344251
0 0.835627 0.114488 0.328745 0.228975
0 0.687822 0.48567 0.337092 0.412754
0 0.983348 0.508039 0.0326933 0.809087
0 0.312927 0.0953786 0.382187 0.190757
0 0.60502 0.328674 0.284296 0.255987
0 0.598109 0.2598 0.262539 0.26337
0 0.170811 0.913744 0.341623 0.172513
0 0.840198 0.248873 0.319604 0.436162
0 0.36582 0.103878 0.510995 0.207757
0 0.409754 0.490843 0.458999 0.43946
0 0.214762 0.887245 0.403951 0.22551
0 0.226245 0.631708 0.452491 0.59276
0 0.448226 0.198829 0.42785 0.397657
0 0.188462 0.693719 0.376924 0.536154
0 0.493919 0.156031 0.30114 0.312063
0 0.640436 0.195178 0.234521 0.299858
0 0.388344 0.357419 0.64265 0.682672
0 0.906281 0.919285 0.187437 0.161429
0 0.719187 0.16061 0.250841 0.321221
0 0.0326404 0.447507 0.0652808 0.732679
0 0.23849 0.40937 0.347239 0.451848
0 0.615123 0.121765 0.380351 0.24353
0 0.542204 0.33109 0.312172 0.366661
0 0.545875 0.118015 0.416854 0.23603
0 0.373604 0.586317 0.47013 0.53195
0 0.0464529 0.248155 0.0929057 0.458877
0 0.25157 0.0855019 0.397485 0.171004
0 0.783374 0.402806 0.433251 0.416199
0 0.775688 0.131182 0.31716 0.262364
0 0.84029 0.736925 0.31942 0.513732
0 0.312925 0.645877 0.61105 0.640072
0 0.0349746 0.326727 0.0699492 0.510049
0 0.687107 0.120805 0.399415 0.24161
0 0.512848 0.920988 0.315211 0.158023
0 0.0531639 0.485223 0.106328 0.78279
0 0.929541 0.260686 0.140918 0.404175
0 0.631364 0.743372 0.391157 0.44751
0 0.332585 0.945762 0.438965 0.108476
0 0.204351 0.451817 0.405556 0.297142
0 0.922676 0.547733 0.154329 0.83813
0 0.280911 0.909765 0.515757 0.18047
0 0.40397 0.945515 0.352831 0.10897
0 0.883355 0.0931533 0.23329 0.186307
0 0.771581 0.828275 0.456838 0.339035
0 0.413491 0.868877 0.380457 0.186573
0 0.0834688 0.656179 0.166938 0.388706
0 0.213151 0.319179 0.426302 0.614881
0 0.3954 0.155997 0.413867 0.311994
0 0.192925 0.42316 0.385849 0.716952
0 0.98178 0.711132 0.0363352 0.551968
0 0.589109 0.635011 0.319632 0.377869
0 0.138232 0.104565 0.276464 0.20913
0 0.768872 0.103676 0.415208 0.207352
0 0.318168 0.826162 0.566301 0.261088
0 0.745758 0.498558 0.497377 0.568072
0 0.101719 0.92118 0.203439 0.157639
0 0.518623 0.671815 0.190081 0.439735
0 0.0920945 0.865199 0.184189 0.257658
0 0.978543 0.833797 0.0429132 0.305376
0 0.131814 0.924843 0.263628 0.150313
0 0.15304 0.734158 0.306037 0.459108
0 0.885913 0.848332 0.228173 0.292817
0 0.875926 0.634956 0.248147 0.720395
0 0.180896 0.874673 0.361792 0.216769
0 0.734282 0.603734 0.355481 0.686209
0 0.980051 0.238167 0.0394659 0.474861
0 0.970962 0.11931 0.0580758 0.23862
0 0.963125 0.858223 0.0737496 0.283553
0 0.622609 0.913588 0.436922 0.172825
0 0.704393 0.940803 0.298539 0.118394
0 0.76783 0.717869 0.32608 0.532719
0 0.352873 0.844502 0.439904 0.240435
0 0.51379 0.851725 0.174136 0.142618
0 0.776605 0.939711 0.446789 0.120579
0 0.22959 0.847149 0.446139 0.237184
0 0.633591 0.84513 0.407792 0.278476
