0 0.153808 0.292866 0.223737 0.25852
0 0.820967 0.329711 0.197711 0.176842
0 0.813001 0.412637 0.207309 0.364917
0 0.628731 0.32491 0.204746 0.117327
0 0.65417 0.330621 0.171426 0.153636
0 0.180782 0.310146 0.28724 0.23454
0 0.657479 0.485204 0.158705 0.463683
0 0.213 0.203739 0.277346 0.161534
0 0.311629 0.356677 0.144472 0.189429
0 0.165601 0.354785 0.245726 0.370177
0 0.650639 0.217642 0.195163 0.202286
0 0.557506 0.665767 0.501027 0.668085
0 0.832782 0.269623 0.188927 0.13608
0 0.369639 0.197311 0.259058 0.240382
0 0.647447 0.256544 0.196679 0.132871
0 0.50229 0.344674 0.305876 0.186406
0 0.655038 0.566988 0.146724 0.560823
0 0.149155 0.219329 0.188243 0.14057
0 0.412428 0.18675 0.258631 0.259409
0 0.214559 0.270913 0.315931 0.214347
0 0.811098 0.496899 0.206205 0.511915
0 0.153122 0.371834 0.230502 0.14374
0 0.471234 0.545812 0.32777 0.469152
0 0.56587 0.536715 0.107636 0.493111
0 0.38981 0.538271 0.141451 0.486792
0 0.387885 0.351771 0.167753 0.160609
0 0.674132 0.207857 0.167018 0.18008
0 0.482096 0.87743 0.314983 0.24514
0 0.478479 0.43628 0.302079 0.315623
0 0.263717 0.364582 0.188123 0.205627
0 0.195664 0.132892 0.229003 0.265785
0 0.919987 0.275793 0.146651 0.303753
0 0.938265 0.212707 0.12347 0.365496
0 0.705563 0.342068 0.225011 0.180175
0 0.456594 0.176888 0.227964 0.273405
0 0.867755 0.350323 0.233054 0.267152
0 0.928453 0.727702 0.143094 0.427434
0 0.850199 0.194224 0.20189 0.16882
0 0.935396 0.609785 0.129208 0.252928
0 0.409739 0.237408 0.233804 0.26449
0 0.663601 0.166759 0.204419 0.198451
0 0.176047 0.523191 0.271796 0.708688
0 0.785421 0.748965 0.429158 0.406567
0 0.356233 0.257602 0.222256 0.240787
0 0.525363 0.214678 0.267972 0.274423
0 0.282399 0.201175 0.303339 0.251386
0 0.946895 0.488405 0.104688 0.21504
0 0.461448 0.236582 0.234644 0.27505
0 0.158075 0.602108 0.265582 0.621277
0 0.194244 0.621212 0.312847 0.757067
0 0.820663 0.136764 0.249337 0.166682
0 0.454995 0.0867031 0.192531 0.117929
0 0.601836 0.232246 0.229697 0.203531
0 0.829371 0.19656 0.215202 0.215773
0 0.573472 0.333215 0.143643 0.137944
0 0.666335 0.41098 0.154889 0.305762
0 0.297887 0.523809 0.113906 0.516781
0 0.48054 0.821514 0.322404 0.354949
0 0.96547 0.403042 0.0651131 0.350154
0 0.372438 0.118688 0.324979 0.225818
0 0.591039 0.196008 0.264459 0.276665
0 0.561043 0.861566 0.500165 0.276869
0 0.41347 0.0992147 0.26032 0.172047
0 0.809651 0.61991 0.20939 0.74868
0 0.676786 0.265038 0.183964 0.164008
0 0.85424 0.130113 0.223017 0.15035
0 0.949593 0.544982 0.10019 0.132511
0 0.75662 0.154862 0.289199 0.184172
0 0.233061 0.115561 0.296883 0.231123
0 0.41107 0.0583637 0.289433 0.116727
0 0.483023 0.592782 0.439245 0.584267
0 0.97833 0.322021 0.0394904 0.453048
0 0.244314 0.605985 0.220261 0.682796
0 0.140818 0.247952 0.207794 0.241517
0 0.979355 0.242813 0.0402099 0.485626
0 0.843947 0.112149 0.294037 0.224298
0 0.114307 0.339098 0.224216 0.355348
0 0.751126 0.0798398 0.355986 0.15968
0 0.081168 0.212368 0.162336 0.362624
0 0.309378 0.125928 0.33959 0.239465
0 0.785104 0.823305 0.416063 0.351206
0 0.855169 0.393858 0.251473 0.273699
0 0.633896 0.13321 0.226636 0.212458
0 0.947255 0.579319 0.104815 0.191227
0 0.540971 0.050811 0.386328 0.101622
0 0.944561 0.112555 0.110879 0.216601
0 0.606549 0.0578647 0.405709 0.115729
0 0.971677 0.123929 0.056646 0.247858
0 0.324539 0.103048 0.43998 0.206096
0 0.115816 0.150037 0.193732 0.28829
0 0.133451 0.509189 0.263046 0.436292
0 0.0845613 0.15062 0.169123 0.30124
0 0.452789 0.0551619 0.232695 0.110324
0 0.0778447 0.682574 0.155689 0.620136
0 0.129066 0.496703 0.254771 0.65153
0 0.839572 0.78242 0.320856 0.43516
0 0.216426 0.840111 0.333703 0.319779
0 0.517589 0.899332 0.410507 0.201337
0 0.881012 0.111507 0.237975 0.223014
0 0.665689 0.0653957 0.34819 0.130791
0 0.362194 0.654331 0.537957 0.68773
0 0.56259 0.916532 0.411399 0.166874
0 0.361944 0.0669425 0.356488 0.133885
0 0.569506 0.0947526 0.305132 0.151892
0 0.97797 0.13653 0.0440597 0.27306
0 0.727675 0.878124 0.543592 0.243753
0 0.734582 0.926588 0.4004 0.146824
0 0.11892 0.143293 0.23784 0.286586
0 0.810727 0.753524 0.215932 0.429642
0 0.921535 0.786326 0.15693 0.427348
0 0.083115 0.861557 0.16623 0.276886
0 0.912958 0.556921 0.173773 0.173887
0 0.481493 0.659762 0.329293 0.679158
0 0.109801 0.62911 0.217774 0.612884
0 0.335711 0.802828 0.577252 0.394344
0 0.853011 0.483853 0.273288 0.279482
0 0.129602 0.867076 0.200396 0.265847
0 0.897979 0.754235 0.204043 0.387446
0 0.532619 0.935584 0.373016 0.128355
0 0.844994 0.688839 0.286821 0.561187
0 0.297417 0.632899 0.111116 0.723913
0 0.17816 0.864848 0.239411 0.270304
0 0.0951089 0.678016 0.107359 0.613661
0 0.73894 0.697007 0.416423 0.518442
0 0.343499 0.866518 0.589687 0.266963
0 0.113365 0.853088 0.124091 0.274076
