0 0.905718 0.363333 0.174374 0.240456
0 0.596049 0.284354 0.187029 0.193696
0 0.669729 0.260706 0.324343 0.165368
0 0.437078 0.360821 0.201857 0.328153
0 0.582447 0.36916 0.176704 0.350738
0 0.0808434 0.373297 0.145219 0.439098
0 0.73749 0.340859 0.199222 0.229739
0 0.730026 0.586713 0.218144 0.731774
0 0.25913 0.210676 0.177349 0.174251
0 0.751961 0.264675 0.185916 0.143586
0 0.446061 0.270497 0.210325 0.182923
0 0.413038 0.242236 0.132404 0.126295
0 0.617188 0.197686 0.206346 0.21984
0 0.858283 0.609402 0.164339 0.700386
0 0.565998 0.567634 0.196128 0.727901
0 0.521593 0.230735 0.317142 0.223376
0 0.423006 0.552234 0.193609 0.704721
0 0.66341 0.364069 0.310356 0.289698
0 0.894888 0.323407 0.20743 0.245631
0 0.931199 0.233613 0.137386 0.427808
0 0.252845 0.300565 0.185161 0.335684
0 0.92811 0.346174 0.143411 0.268444
0 0.246889 0.232969 0.19832 0.227027
0 0.851385 0.262252 0.121769 0.139489
0 0.180863 0.810415 0.361273 0.362954
0 0.255856 0.425512 0.174345 0.601546
0 0.641559 0.17276 0.243263 0.230598
0 0.420747 0.199661 0.121343 0.129769
0 0.402368 0.739396 0.16472 0.334952
0 0.134298 0.226514 0.252569 0.186509
0 0.0820931 0.283421 0.160812 0.308692
0 0.664776 0.203077 0.303162 0.2355
0 0.112326 0.580438 0.224652 0.148429
0 0.0767028 0.68238 0.153406 0.618431
0 0.436826 0.753624 0.83095 0.407958
0 0.847154 0.208727 0.136106 0.178141
0 0.905393 0.212239 0.189214 0.299449
0 0.18261 0.702255 0.365221 0.532515
0 0.422044 0.415149 0.188454 0.438952
0 0.866694 0.370998 0.15622 0.259148
0 0.643249 0.664169 0.426491 0.633231
0 0.714692 0.212177 0.255079 0.223599
0 0.908126 0.106138 0.183749 0.212277
0 0.935159 0.154409 0.129136 0.301659
0 0.180078 0.487829 0.360156 0.44485
0 0.292092 0.122298 0.214168 0.229751
0 0.768478 0.220393 0.186723 0.200351
0 0.0591914 0.49425 0.118383 0.383388
0 0.605667 0.15167 0.209635 0.220468
0 0.802098 0.131425 0.201318 0.262792
0 0.224426 0.426584 0.250786 0.510024
0 0.474004 0.554869 0.317811 0.717915
0 0.548232 0.650011 0.636828 0.643307
0 0.435768 0.884824 0.485594 0.230351
0 0.175835 0.968706 0.349809 0.0625887
0 0.83036 0.633381 0.252267 0.651361
0 0.0246326 0.761026 0.0492653 0.468482
0 0.548892 0.699278 0.491015 0.446775
0 0.571792 0.838594 0.506165 0.322812
0 0.878969 0.932536 0.242062 0.134927
0 0.233152 0.655434 0.273141 0.607494
0 0.421264 0.130034 0.18722 0.260067
0 0.0902132 0.17557 0.180426 0.35114
0 0.919957 0.076325 0.160086 0.15265
0 0.818048 0.667743 0.363904 0.664514
0 0.516475 0.865317 0.464526 0.269367
0 0.673923 0.800166 0.499106 0.399668
0 0.968563 0.719768 0.0628744 0.560463
0 0.720561 0.156999 0.273749 0.27137
0 0.410748 0.132681 0.373277 0.265363
0 0.191067 0.905619 0.352329 0.188762
0 0.821902 0.115653 0.309568 0.231306
0 0.883584 0.119023 0.213616 0.238045
0 0.116838 0.6999 0.233676 0.39616
0 0.0188307 0.835421 0.0376614 0.310043
0 0.543052 0.761431 0.578232 0.437577
0 0.327092 0.125731 0.312488 0.251461
0 0.348044 0.12825 0.260465 0.2565
0 0.111626 0.158373 0.223253 0.316745
0 0.171847 0.870411 0.343695 0.250171
0 0.951272 0.624793 0.0974558 0.661926
0 0.152512 0.762443 0.305025 0.449927
0 0.739144 0.870996 0.393431 0.258008
0 0.103183 0.519738 0.204823 0.257285
0 0.636415 0.124939 0.236249 0.249878
0 0.151257 0.979466 0.302514 0.0410679
0 0.744014 0.117714 0.362668 0.235429
0 0.26563 0.125714 0.188789 0.251427
0 0.959209 0.91008 0.0815817 0.17984
0 0.7197 0.597008 0.50814 0.693275
0 0.0664567 0.895106 0.132913 0.209787
0 0.802097 0.792162 0.374184 0.392777
0 0.544056 0.113909 0.28752 0.227817
0 0.889697 0.0952612 0.220606 0.190522
0 0.467311 0.128119 0.203914 0.248672
0 0.593926 0.128355 0.260479 0.256709
0 0.833206 0.911204 0.327964 0.177592
0 0.466667 0.815263 0.478269 0.336389
0 0.216768 0.139587 0.352029 0.279174
0 0.15763 0.144431 0.285086 0.288863
0 0.69653 0.123544 0.320458 0.247087
0 0.96497 0.836704 0.0700593 0.326592
0 0.854529 0.724112 0.290942 0.551775
0 0.118969 0.158154 0.237939 0.316308
0 0.230733 0.137233 0.230447 0.274467
0 0.744285 0.758793 0.233662 0.442605
0 0.487277 0.132415 0.310153 0.26483
0 0.394093 0.93086 0.684398 0.13828
0 0.531899 0.126243 0.307786 0.252487
0 0.239048 0.915659 0.445146 0.168683
0 0.877233 0.797095 0.245533 0.405811
0 0.884889 0.603826 0.230222 0.650786
0 0.831071 0.575165 0.337858 0.634742
0 0.820995 0.366794 0.357943 0.263875
