0 0.470392 0.158464 0.403409 0.168565
0 0.471207 0.201821 0.405272 0.25717
0 0.787796 0.107034 0.424407 0.212354
0 0.492574 0.2942 0.450001 0.17371
0 0.40811 0.16719 0.50398 0.184899
0 0.441965 0.330589 0.581963 0.230943
0 0.475093 0.910287 0.619846 0.179425
0 0.377735 0.539935 0.678105 0.658053
0 0.57591 0.320934 0.610574 0.234444
0 0.50555 0.427538 0.909857 0.282855
0 0.542175 0.349696 0.736152 0.23314
0 0.920239 0.0839092 0.159523 0.167818
0 0.562368 0.250143 0.781571 0.332118
0 0.482681 0.583465 0.922032 0.724891
0 0.323093 0.374353 0.554849 0.310006
0 0.400549 0.247756 0.503511 0.26343
0 0.76474 0.845918 0.470519 0.305596
0 0.365418 0.193426 0.590473 0.223586
0 0.901609 0.208335 0.196783 0.33999
0 0.805029 0.311533 0.362875 0.292424
0 0.460375 0.91672 0.92075 0.16656
0 0.0531059 0.096685 0.106212 0.19337
0 0.658176 0.132289 0.683648 0.200069
0 0.689336 0.589553 0.553313 0.569808
0 0.678569 0.114877 0.549581 0.211773
0 0.771466 0.676372 0.429536 0.522101
0 0.817165 0.918922 0.36567 0.162155
0 0.832548 0.265874 0.334905 0.342664
0 0.966516 0.262916 0.0669688 0.432384
0 0.40386 0.378103 0.650208 0.377905
0 0.705475 0.493788 0.529648 0.348158
0 0.770635 0.365045 0.359604 0.220864
0 0.0524798 0.152126 0.10496 0.299208
0 0.519556 0.228483 0.592986 0.311769
0 0.7621 0.422425 0.40924 0.217683
0 0.970684 0.321591 0.058631 0.3798
0 0.32689 0.156502 0.551475 0.216065
0 0.530069 0.616574 0.756942 0.576936
0 0.495236 0.712317 0.990471 0.573394
0 0.822446 0.215128 0.355108 0.297447
0 0.445235 0.347739 0.459405 0.281242
0 0.188834 0.479785 0.377668 0.286428
0 0.0381554 0.215447 0.0763108 0.318546
0 0.922489 0.147539 0.155022 0.295077
0 0.220062 0.920688 0.440125 0.158205
0 0.904529 0.27491 0.190942 0.338239
0 0.901267 0.326771 0.197467 0.342909
0 0.912879 0.127996 0.174243 0.247066
0 0.56268 0.928926 0.874641 0.142149
0 0.288023 0.315852 0.445953 0.189091
0 0.946121 0.212427 0.107759 0.420281
0 0.719581 0.701438 0.544059 0.593425
0 0.335359 0.279603 0.514384 0.151837
0 0.782415 0.0702763 0.435169 0.140553
0 0.473698 0.12278 0.397269 0.24556
0 0.108951 0.611722 0.217903 0.528339
0 0.37755 0.634799 0.755101 0.584228
0 0.365219 0.47846 0.730437 0.280513
0 0.182341 0.676886 0.364682 0.494979
0 0.970474 0.497207 0.0590515 0.613739
0 0.454843 0.411525 0.873428 0.409735
0 0.131056 0.722253 0.262112 0.530162
0 0.91926 0.741223 0.16148 0.4192
0 0.377454 0.429368 0.715467 0.307098
0 0.178118 0.388182 0.347478 0.186412
0 0.687182 0.933326 0.625245 0.132044
0 0.887544 0.387058 0.224913 0.361664
0 0.0788949 0.516627 0.15779 0.465562
0 0.0406487 0.294539 0.0812974 0.362877
0 0.857736 0.851813 0.284529 0.296374
0 0.251674 0.085495 0.483558 0.17099
0 0.18176 0.333113 0.36352 0.177384
0 0.167432 0.0814297 0.334865 0.162859
0 0.0578686 0.373566 0.115737 0.424596
0 0.0830615 0.440688 0.166123 0.452293
0 0.176606 0.212522 0.353211 0.234471
0 0.503755 0.813484 0.988736 0.370224
0 0.935549 0.758937 0.128902 0.458495
0 0.898222 0.784875 0.203557 0.42601
0 0.182373 0.263757 0.364746 0.179269
0 0.96553 0.548918 0.0689409 0.461023
0 0.95286 0.630587 0.0942797 0.402792
0 0.584422 0.092921 0.562531 0.185842
0 0.847274 0.509355 0.295946 0.381212
0 0.790195 0.777326 0.419609 0.44122
0 0.885169 0.463921 0.229662 0.418163
0 0.380933 0.112656 0.488585 0.225313
0 0.143648 0.133357 0.287296 0.255049
0 0.233176 0.0931061 0.403697 0.182007
0 0.797248 0.533378 0.388306 0.420753
0 0.47666 0.48395 0.953319 0.43799
0 0.252672 0.750751 0.505343 0.492399
0 0.416561 0.128397 0.464152 0.210306
