0 0.405402 0.148265 0.263882 0.140164
0 0.404537 0.24938 0.274706 0.354309
0 0.337887 0.399713 0.194197 0.266021
0 0.392081 0.327038 0.321893 0.430674
0 0.405571 0.11007 0.268047 0.220139
0 0.442445 0.266822 0.205655 0.382605
0 0.66339 0.255018 0.395749 0.369799
0 0.611754 0.143355 0.394537 0.144509
0 0.461392 0.151679 0.503747 0.14842
0 0.584205 0.168648 0.261182 0.175523
0 0.361057 0.523985 0.398882 0.887486
0 0.574553 0.280087 0.28854 0.397358
0 0.450231 0.275455 0.527687 0.399098
0 0.295009 0.4414 0.295996 0.368447
0 0.304265 0.782497 0.316067 0.424788
0 0.687245 0.210366 0.350846 0.300154
0 0.405949 0.46605 0.280584 0.780787
0 0.91148 0.214331 0.17704 0.428663
0 0.669764 0.150759 0.371692 0.169769
0 0.184997 0.179971 0.369994 0.20317
0 0.674662 0.466859 0.367481 0.336685
0 0.470899 0.472554 0.565511 0.78298
0 0.0396395 0.326913 0.079279 0.436883
0 0.684636 0.431548 0.343135 0.134766
0 0.299173 0.178911 0.40601 0.190528
0 0.383976 0.132603 0.310526 0.125646
0 0.878883 0.828085 0.241988 0.336214
0 0.0302889 0.405192 0.0605779 0.551164
0 0.299509 0.666037 0.295222 0.603282
0 0.337055 0.626424 0.378215 0.718723
0 0.903524 0.688518 0.192952 0.575514
0 0.904416 0.794856 0.191168 0.392135
0 0.648412 0.804941 0.141743 0.341456
0 0.121004 0.255498 0.242007 0.33457
0 0.535197 0.293884 0.643706 0.416102
0 0.518935 0.418899 0.669934 0.612698
0 0.857101 0.765421 0.285798 0.449075
0 0.686818 0.94315 0.302599 0.113699
0 0.74675 0.314466 0.506499 0.498477
0 0.478938 0.69897 0.50458 0.596262
0 0.80814 0.934216 0.306325 0.131567
0 0.94641 0.241353 0.107179 0.392671
0 0.806885 0.823899 0.277249 0.320528
0 0.71622 0.536738 0.414095 0.471317
0 0.300284 0.131723 0.401576 0.125454
0 0.853723 0.931539 0.283127 0.136922
0 0.979716 0.274595 0.0404884 0.431321
0 0.896813 0.293737 0.206374 0.513052
0 0.0236766 0.872338 0.047115 0.182742
0 0.609741 0.788329 0.231178 0.389275
0 0.614063 0.111708 0.427966 0.223417
0 0.855205 0.861165 0.28959 0.274211
0 0.981195 0.392851 0.0373448 0.674256
0 0.0276972 0.562412 0.0553944 0.806084
0 0.463065 0.11087 0.38904 0.221741
0 0.174846 0.12147 0.349693 0.171254
0 0.116873 0.374202 0.233747 0.503904
0 0.738212 0.928526 0.32774 0.142947
0 0.257707 0.312526 0.444602 0.444411
0 0.680455 0.807263 0.0683279 0.330681
0 0.933368 0.407064 0.133264 0.680052
0 0.856342 0.896935 0.284951 0.20613
0 0.841497 0.66397 0.304383 0.618577
0 0.66772 0.831223 0.242609 0.311712
0 0.0298751 0.90775 0.0597116 0.114726
0 0.233781 0.133135 0.366372 0.142442
0 0.974974 0.154072 0.0500518 0.248393
0 0.0779716 0.926751 0.155943 0.146497
0 0.0829352 0.886655 0.16587 0.198431
0 0.0909752 0.803308 0.179029 0.351774
0 0.908982 0.889631 0.181267 0.220738
0 0.708574 0.817277 0.215285 0.333603
0 0.242346 0.457833 0.386025 0.591357
0 0.795683 0.198281 0.408634 0.384723
0 0.608197 0.954464 0.3039 0.0910715
0 0.0820913 0.207924 0.164183 0.399237
0 0.325466 0.90231 0.341522 0.195381
0 0.908407 0.466575 0.183187 0.734701
0 0.9584 0.138363 0.0831994 0.276727
0 0.301082 0.853342 0.299214 0.293317
0 0.263172 0.908944 0.235573 0.182111
0 0.10928 0.165651 0.21856 0.331303
0 0.770545 0.142409 0.45891 0.284817
0 0.601721 0.824535 0.29773 0.35093
0 0.717367 0.116349 0.453208 0.232699
0 0.196304 0.648218 0.386965 0.383639
0 0.732722 0.619805 0.312821 0.692162
0 0.175687 0.113193 0.351373 0.226387
0 0.0239186 0.655261 0.0478372 0.62053
0 0.944665 0.156233 0.11067 0.284595
0 0.786138 0.649893 0.357408 0.63489
0 0.979804 0.522057 0.0399566 0.67706
0 0.93413 0.138204 0.131741 0.276409
0 0.216728 0.104228 0.360693 0.208455
0 0.686069 0.348487 0.351101 0.305227
0 0.545448 0.954517 0.33191 0.0909665
0 0.780937 0.453503 0.438125 0.601646
0 0.658455 0.54406 0.35181 0.800542
0 0.76129 0.595414 0.462937 0.674706
0 0.927806 0.655194 0.14412 0.628035
0 0.0733784 0.908902 0.146757 0.118887
0 0.167178 0.459307 0.334357 0.627686
0 0.374599 0.951959 0.408254 0.0960815
0 0.425544 0.810845 0.489708 0.37831
0 0.115629 0.536476 0.231257 0.762197
0 0.871317 0.150179 0.257366 0.300358
0 0.117184 0.679034 0.234368 0.581766
0 0.598381 0.63953 0.278917 0.679727
0 0.136646 0.155518 0.273292 0.311037
0 0.285564 0.54558 0.388741 0.617203
0 0.0797232 0.753486 0.159305 0.42538
0 0.465798 0.952479 0.406648 0.0950418
0 0.531775 0.823429 0.382513 0.353143
0 0.314889 0.105582 0.447082 0.211164
