0 0.569563 0.143397 0.263832 0.13423
0 0.574275 0.168121 0.277524 0.182176
0 0.607894 0.25873 0.397819 0.325783
0 0.705863 0.128244 0.588274 0.176231
0 0.859774 0.115906 0.280452 0.224432
0 0.627308 0.122168 0.389323 0.164288
0 0.524204 0.156854 0.372021 0.162882
0 0.55695 0.229201 0.399925 0.286202
0 0.202402 0.14764 0.404803 0.290282
0 0.562405 0.28604 0.48627 0.31411
0 0.32002 0.612321 0.42095 0.359483
0 0.534589 0.847247 0.430046 0.305506
0 0.518866 0.639637 0.558911 0.716842
0 0.644267 0.815736 0.711466 0.362913
0 0.796398 0.099364 0.407204 0.198728
0 0.835394 0.0896345 0.329212 0.179269
0 0.309542 0.677967 0.391857 0.236288
0 0.841464 0.172141 0.317073 0.328348
0 0.612171 0.31297 0.403089 0.291826
0 0.0275772 0.237324 0.0551544 0.471068
0 0.214877 0.0815993 0.429754 0.163199
0 0.464433 0.358478 0.623929 0.258731
0 0.520309 0.326944 0.580885 0.363571
0 0.423119 0.585291 0.63208 0.442068
0 0.671928 0.222517 0.548903 0.316043
0 0.459279 0.544376 0.704229 0.904843
0 0.821314 0.802435 0.357371 0.36662
0 0.678466 0.306703 0.630247 0.34231
0 0.707136 0.357763 0.564183 0.315736
0 0.456384 0.406648 0.694781 0.216272
0 0.345397 0.132766 0.577711 0.255388
0 0.46469 0.690859 0.433354 0.191508
0 0.76612 0.844749 0.46776 0.308814
0 0.476199 0.316735 0.481913 0.279827
0 0.695723 0.173637 0.592157 0.23632
0 0.765133 0.223389 0.469734 0.357528
0 0.624848 0.374949 0.366779 0.277836
0 0.330534 0.427976 0.432401 0.183961
0 0.711351 0.260232 0.577297 0.369863
0 0.239153 0.185202 0.478306 0.344791
0 0.630066 0.542591 0.635063 0.56223
0 0.341971 0.39851 0.400028 0.213754
0 0.510409 0.879447 0.378115 0.241106
0 0.958223 0.142047 0.0835534 0.283044
0 0.536166 0.751539 0.451975 0.495765
0 0.306672 0.732518 0.530865 0.410828
0 0.685536 0.879158 0.628928 0.241683
0 0.237608 0.110692 0.475217 0.221384
0 0.737148 0.728048 0.519934 0.508595
0 0.0900858 0.109183 0.180172 0.218366
0 0.0353811 0.160066 0.0707622 0.318883
0 0.892533 0.318967 0.214933 0.389584
0 0.944346 0.884877 0.111308 0.230246
0 0.875028 0.796873 0.249945 0.373032
0 0.360031 0.0822022 0.61906 0.164404
0 0.927118 0.0858754 0.145763 0.171751
0 0.883416 0.687502 0.233168 0.496974
0 0.39896 0.889531 0.60398 0.220938
0 0.0576061 0.43226 0.115212 0.808378
0 0.976883 0.800068 0.0462334 0.369747
0 0.0598675 0.839408 0.119735 0.321184
0 0.958843 0.251287 0.0823133 0.384112
0 0.777713 0.6564 0.360516 0.62837
0 0.598859 0.534333 0.429681 0.648765
0 0.0438693 0.809777 0.0877386 0.380446
0 0.85422 0.853509 0.29156 0.292982
0 0.973474 0.70244 0.0530522 0.453424
0 0.0338375 0.319545 0.0676749 0.619801
0 0.366713 0.17367 0.52784 0.314225
0 0.175939 0.103128 0.351877 0.204674
0 0.50663 0.0951241 0.564566 0.190248
0 0.717172 0.0908533 0.565656 0.181707
0 0.962073 0.358332 0.0758544 0.447438
0 0.202841 0.220436 0.405683 0.369845
0 0.466167 0.828306 0.431239 0.339904
0 0.668957 0.532649 0.447906 0.520132
0 0.96641 0.603134 0.0671798 0.582551
0 0.86894 0.415202 0.26212 0.343832
0 0.875753 0.22775 0.248494 0.36552
0 0.430528 0.215518 0.492605 0.354983
0 0.63973 0.934073 0.720539 0.131854
0 0.965539 0.470282 0.0689224 0.414644
0 0.24674 0.787618 0.49348 0.403349
0 0.332475 0.304914 0.400574 0.345221
0 0.967198 0.858191 0.0656036 0.283618
0 0.392365 0.634548 0.562039 0.321163
0 0.40523 0.684668 0.540899 0.233291
0 0.270821 0.430349 0.328013 0.175966
0 0.0314096 0.749886 0.0628192 0.488481
0 0.84268 0.947511 0.31464 0.104979
0 0.192682 0.860808 0.385364 0.278191
0 0.849809 0.56389 0.300382 0.56719
0 0.131796 0.882545 0.263593 0.23491
0 0.294466 0.46875 0.375987 0.191856
0 0.896152 0.938044 0.207696 0.123913
0 0.745678 0.584303 0.324502 0.557951
0 0.639437 0.0968923 0.50271 0.193785
0 0.475537 0.256729 0.43352 0.336145
0 0.0264904 0.612821 0.0529807 0.721425
0 0.460479 0.749725 0.500719 0.438831
0 0.0397136 0.566719 0.0794272 0.803539
0 0.31221 0.847324 0.549482 0.297726
0 0.23764 0.356284 0.356817 0.353034
0 0.366142 0.931241 0.69914 0.137517
0 0.216419 0.95473 0.432838 0.090539
0 0.186409 0.360752 0.372819 0.630047
0 0.17561 0.95076 0.35122 0.0984792
0 0.40611 0.103156 0.601454 0.206313
0 0.180671 0.502243 0.361342 0.575563
0 0.249428 0.679154 0.498856 0.447542
0 0.201492 0.590005 0.402984 0.574172
