0 0.681453 0.227009 0.267928 0.286069
0 0.327528 0.784205 0.167051 0.389818
0 0.696414 0.316145 0.293285 0.267049
0 0.843565 0.17293 0.312869 0.34476
0 0.751981 0.216973 0.441514 0.318406
0 0.639268 0.237794 0.337436 0.312778
0 0.391507 0.632298 0.487754 0.117907
0 0.84954 0.711932 0.283892 0.485478
0 0.734366 0.429147 0.460967 0.365239
0 0.735868 0.253551 0.352901 0.370755
0 0.752499 0.466823 0.446985 0.546134
0 0.90887 0.186956 0.18226 0.367749
0 0.735183 0.355477 0.352233 0.226001
0 0.134747 0.757298 0.269494 0.464829
0 0.265811 0.150498 0.395882 0.28569
0 0.884856 0.065074 0.230287 0.130148
0 0.438849 0.791321 0.394033 0.401983
0 0.243491 0.194661 0.409012 0.331386
0 0.318085 0.441412 0.17084 0.272599
0 0.684317 0.804058 0.572585 0.375718
0 0.598243 0.272076 0.709493 0.375337
0 0.313065 0.506556 0.181068 0.143871
0 0.182403 0.186466 0.364321 0.360825
0 0.146974 0.271867 0.293947 0.338793
0 0.700083 0.601398 0.589779 0.757895
0 0.343765 0.821051 0.187185 0.357898
0 0.330056 0.203959 0.378654 0.34923
0 0.408446 0.76668 0.66368 0.446796
0 0.390985 0.354672 0.327941 0.212061
0 0.353609 0.370878 0.24968 0.243459
0 0.947857 0.285116 0.102723 0.460236
0 0.413545 0.745433 0.459982 0.359409
0 0.785924 0.60034 0.409072 0.571054
0 0.376143 0.158808 0.338007 0.262773
0 0.400395 0.55541 0.502123 0.189663
0 0.290172 0.79041 0.300609 0.402221
0 0.949949 0.437737 0.0978599 0.73722
0 0.422009 0.508128 0.412807 0.156846
0 0.478285 0.392528 0.875059 0.628292
0 0.312137 0.339619 0.27983 0.298318
0 0.282259 0.528257 0.25203 0.138656
0 0.517619 0.463414 0.686595 0.595193
0 0.410451 0.420857 0.356845 0.32741
0 0.250664 0.288188 0.418734 0.430854
0 0.379245 0.221369 0.355352 0.326495
0 0.331502 0.143895 0.347848 0.28779
0 0.867242 0.779987 0.265517 0.416558
0 0.0257875 0.262686 0.051575 0.525372
0 0.319081 0.844535 0.39273 0.31093
0 0.485255 0.287473 0.486119 0.355765
0 0.549659 0.557206 0.873647 0.816777
0 0.127918 0.356289 0.255837 0.272629
0 0.0228378 0.352433 0.0456757 0.586881
0 0.686823 0.17998 0.247007 0.283808
0 0.105351 0.623768 0.210703 0.592332
0 0.451068 0.166005 0.307622 0.238252
0 0.167526 0.136265 0.335051 0.27253
0 0.765727 0.514861 0.457105 0.884626
0 0.123849 0.309282 0.247698 0.399686
0 0.76308 0.295629 0.47384 0.482695
0 0.459562 0.224602 0.347642 0.313632
0 0.623908 0.839513 0.457096 0.320975
0 0.581753 0.713463 0.807236 0.537741
0 0.0918984 0.547128 0.183797 0.672785
0 0.0435917 0.498926 0.0871833 0.651466
0 0.119819 0.425915 0.239638 0.204424
0 0.384759 0.146316 0.331552 0.292633
0 0.163784 0.124069 0.327568 0.248137
0 0.0943192 0.748731 0.188638 0.471159
0 0.305604 0.662059 0.608092 0.655134
0 0.375087 0.13769 0.411403 0.27538
0 0.204802 0.32592 0.372702 0.325244
0 0.244289 0.135244 0.367969 0.270488
0 0.506196 0.617217 0.973204 0.201325
0 0.0344348 0.205135 0.0688696 0.41027
0 0.55513 0.188592 0.223568 0.237285
0 0.0781583 0.170134 0.156317 0.340268
0 0.253885 0.528089 0.302496 0.231079
0 0.206306 0.632217 0.412612 0.684397
0 0.141182 0.164731 0.282365 0.329461
0 0.227903 0.45322 0.374472 0.419437
0 0.550031 0.588913 0.851215 0.16421
0 0.663365 0.157948 0.263582 0.315897
0 0.442693 0.137224 0.402369 0.274448
0 0.504759 0.794465 0.658267 0.397849
0 0.825812 0.874816 0.348377 0.250367
0 0.86575 0.630238 0.250492 0.386884
0 0.454028 0.144226 0.30183 0.288452
0 0.11437 0.477799 0.22874 0.339989
0 0.723832 0.859668 0.538571 0.280346
0 0.509473 0.565071 0.961149 0.184615
0 0.845426 0.907496 0.309149 0.182332
0 0.89281 0.577383 0.208002 0.733231
0 0.896408 0.0916592 0.207184 0.183318
0 0.243077 0.88704 0.38368 0.225921
0 0.527432 0.499177 0.915405 0.379462
0 0.582564 0.831602 0.646704 0.336796
0 0.0975661 0.869967 0.195132 0.260067
0 0.535386 0.135891 0.347094 0.271781
0 0.544936 0.140166 0.20992 0.280333
0 0.609654 0.142222 0.338384 0.284443
0 0.517826 0.859645 0.575277 0.280709
0 0.156785 0.935612 0.306675 0.128776
0 0.446203 0.622786 0.656139 0.128323
0 0.210939 0.521348 0.414149 0.476386
0 0.0848986 0.84722 0.169797 0.290015
0 0.710042 0.13524 0.335231 0.27048
0 0.76811 0.0853222 0.443235 0.170644
0 0.705811 0.730636 0.57315 0.517164
0 0.347585 0.784338 0.457202 0.431325
0 0.215124 0.759716 0.42986 0.469573
