0 0.743579 0.40594 0.119472 0.131454
0 0.927719 0.379097 0.144563 0.173584
0 0.937211 0.346687 0.125578 0.100309
1 0.198188 0.394051 0.0931936 0.0786192
0 0.745324 0.386097 0.114669 0.0812643
0 0.20028 0.400305 0.0865628 0.0951028
1 0.385387 0.393032 0.0959097 0.0959454
0 0.0338287 0.416692 0.0667036 0.10252
0 0.384707 0.392163 0.0886459 0.11044
0 0.944162 0.340889 0.111676 0.0762174
0 0.577775 0.391207 0.0884443 0.117918
1 0.0345519 0.414075 0.0691038 0.10308
1 0.577062 0.388522 0.0918322 0.106947
