0 0.398863 0.348863 0.0620214 0.12513
0 0.6782 0.272689 0.0857195 0.18676
0 0.481628 0.351299 0.0472566 0.0930774
0 0.340957 0.376164 0.0507884 0.0877409
0 0.753511 0.366178 0.0943794 0.196198
0 0.760102 0.344962 0.086996 0.139178
0 0.126299 0.392401 0.0588968 0.116704
0 0.530899 0.341877 0.0519874 0.117648
0 0.58706 0.40614 0.0647822 0.14385
0 0.583152 0.374485 0.0574444 0.0765285
0 0.397554 0.319433 0.062641 0.0786141
0 0.481013 0.334514 0.0439718 0.0644485
0 0.677105 0.247935 0.0764719 0.118618
0 0.340004 0.387538 0.0508668 0.121815
0 0.273682 0.386124 0.0653808 0.133247
0 0.0595277 0.411979 0.0422926 0.0753837
0 0.757109 0.327507 0.0832998 0.102171
0 0.126688 0.37405 0.0601064 0.0904358
0 0.340702 0.360954 0.0453429 0.0570954
0 0.530838 0.32085 0.0523636 0.0819303
0 0.271568 0.366132 0.0688008 0.103087
