0 0.391084 0.253592 0.103051 0.18081
0 0.479955 0.275013 0.111621 0.184594
0 0.262614 0.235261 0.130465 0.157432
0 0.152074 0.232512 0.125852 0.131255
0 0.659731 0.282329 0.097608 0.163353
0 0.151836 0.262968 0.125563 0.19924
0 0.485796 0.240431 0.102464 0.101064
0 0.390075 0.232482 0.101337 0.124554
0 0.659256 0.257384 0.0930171 0.0913413
0 0.865156 0.264485 0.0992264 0.109803
0 0.871315 0.278297 0.126958 0.170563
0 0.435446 0.269152 0.201649 0.189845
0 0.807581 0.296045 0.0679316 0.140737
0 0.257003 0.219818 0.120969 0.113878
0 0.806528 0.265227 0.0669827 0.0807913
