1 0.581181 0.411245 0.47225 0.805384
1 0.588606 0.5396 0.453951 0.704896
1 0.566284 0.311989 0.510615 0.623978
1 0.541356 0.297826 0.375531 0.595651
1 0.569202 0.319566 0.774571 0.639133
1 0.601393 0.635752 0.54697 0.728496
1 0.658302 0.372161 0.514025 0.669268
1 0.497245 0.368645 0.509197 0.73729
1 0.475541 0.286445 0.686109 0.572891
1 0.482754 0.454321 0.418075 0.797013
1 0.671863 0.519784 0.563672 0.68938
1 0.418046 0.515629 0.558334 0.747266
1 0.527151 0.646919 0.397819 0.666234
1 0.350069 0.443175 0.654235 0.797658
1 0.478666 0.668227 0.534093 0.663546
1 0.41004 0.342646 0.790048 0.685292
1 0.627275 0.677256 0.64321 0.645488
1 0.712031 0.305391 0.575939 0.610782
1 0.649503 0.396057 0.366988 0.534689
